(105, 115, 128, 168)
(139, 101, 159, 144)
(162, 117, 172, 144)
(196, 131, 210, 153)
(198, 114, 207, 122)
(271, 115, 309, 143)
(322, 116, 327, 140)
(374, 112, 381, 141)
(383, 114, 397, 142)
(404, 92, 434, 142)
(478, 113, 485, 141)
(489, 113, 502, 142)
(512, 118, 518, 142)
(531, 113, 558, 143)
(568, 93, 598, 142)
(600, 135, 600, 136)
(603, 127, 609, 143)
(610, 114, 626, 144)
(691, 112, 718, 143)
(728, 113, 747, 143)
(758, 114, 771, 143)
(781, 113, 795, 144)
(802, 113, 834, 144)
(842, 112, 864, 142)
(906, 115, 945, 159)
(987, 112, 1011, 143)
(1020, 111, 1043, 143)
(1054, 112, 1079, 144)
(1117, 114, 1155, 160)
(1180, 113, 1206, 144)
(1252, 116, 1280, 146)
(1291, 113, 1314, 146)
(1320, 123, 1340, 131)
(103, 188, 145, 287)
(135, 167, 164, 252)
(157, 245, 164, 285)
(172, 185, 181, 213)
(186, 185, 198, 214)
(209, 187, 235, 287)
(240, 174, 247, 213)
(242, 236, 272, 287)
(279, 258, 293, 287)
(297, 258, 305, 288)
(307, 186, 340, 286)
(336, 254, 357, 285)
(349, 171, 357, 216)
(365, 184, 380, 286)
(384, 200, 384, 200)
(386, 184, 396, 214)
(409, 187, 422, 214)
(425, 186, 453, 287)
(458, 173, 466, 212)
(461, 237, 491, 286)
(476, 184, 499, 213)
(495, 257, 518, 310)
(508, 182, 531, 214)
(529, 184, 561, 285)
(567, 259, 581, 285)
(586, 257, 611, 311)
(618, 186, 640, 286)
(618, 186, 640, 286)
(622, 186, 640, 286)
(646, 183, 673, 265)
(655, 255, 670, 296)
(730, 185, 770, 284)
(731, 185, 770, 284)
(731, 185, 770, 284)
(731, 185, 770, 284)
(779, 183, 805, 215)
(810, 187, 832, 286)
(830, 259, 838, 287)
(839, 185, 877, 287)
(877, 186, 912, 286)
(918, 172, 926, 214)
(938, 186, 977, 285)
(938, 186, 977, 285)
(938, 186, 977, 285)
(981, 256, 989, 284)
(989, 187, 1005, 286)
(1007, 185, 1043, 286)
(1049, 187, 1073, 286)
(1081, 256, 1090, 286)
(1094, 257, 1108, 286)
(1108, 186, 1151, 286)
(1160, 183, 1183, 215)
(1187, 187, 1212, 287)
(1219, 187, 1248, 289)
(1254, 258, 1295, 288)
(1256, 210, 1256, 210)
(1260, 186, 1274, 214)
(1281, 169, 1314, 253)
(1306, 242, 1314, 287)
(1316, 184, 1340, 286)
(1316, 184, 1342, 286)
(1316, 184, 1342, 286)
(103, 330, 143, 374)
(152, 329, 164, 358)
(169, 330, 179, 359)
(188, 328, 211, 357)
(221, 333, 227, 357)
(239, 328, 247, 357)
(252, 328, 266, 358)
(277, 329, 309, 359)
(317, 314, 351, 359)
(396, 327, 421, 358)
(429, 326, 453, 358)
(459, 328, 483, 382)
(508, 344, 521, 368)
(581, 329, 621, 357)
(633, 334, 640, 358)
(688, 327, 712, 359)
(722, 331, 735, 359)
(790, 328, 816, 358)
(824, 330, 845, 383)
(854, 328, 880, 358)
(890, 330, 921, 359)
(926, 328, 954, 358)
(997, 327, 1023, 356)
(1033, 331, 1047, 358)
(1055, 327, 1079, 357)
(1089, 313, 1124, 357)
(1171, 329, 1196, 360)
(1202, 330, 1230, 360)
(1270, 330, 1293, 359)
(1304, 331, 1316, 358)
(1327, 328, 1337, 357)
(105, 400, 132, 433)
(140, 381, 169, 430)
(177, 403, 187, 432)
(188, 404, 203, 432)
(217, 402, 225, 430)
(270, 402, 287, 431)
(294, 402, 325, 430)
(306, 422, 312, 431)
(336, 400, 346, 428)
(349, 400, 363, 430)
(375, 400, 408, 430)
(450, 387, 487, 444)
(496, 403, 510, 429)
(514, 400, 537, 454)
(549, 403, 557, 427)
(569, 400, 590, 428)
(602, 403, 609, 428)
(620, 401, 651, 449)
(660, 400, 669, 429)
(691, 417, 705, 442)
(766, 401, 805, 430)
(815, 405, 823, 430)
(870, 402, 890, 431)
(901, 405, 913, 430)
(922, 402, 929, 428)
(971, 399, 995, 453)
(1005, 400, 1030, 429)
(1041, 400, 1051, 429)
(1095, 398, 1124, 428)
(1135, 405, 1148, 432)
(1191, 402, 1202, 431)
(1205, 402, 1220, 431)
(1230, 399, 1253, 430)
(1260, 399, 1283, 455)
(1292, 397, 1315, 430)
(1321, 406, 1341, 415)
(104, 476, 126, 504)
(136, 462, 144, 501)
(153, 475, 185, 521)
(190, 453, 207, 503)
(230, 471, 245, 512)
(286, 473, 308, 503)
(317, 475, 331, 502)
(338, 451, 356, 501)
(398, 471, 423, 502)
(430, 451, 460, 500)
(500, 470, 528, 500)
(539, 471, 567, 500)
(576, 450, 606, 500)
(612, 471, 637, 501)
(643, 471, 670, 500)
(679, 473, 710, 503)
(717, 452, 748, 502)
(754, 472, 776, 526)
(782, 450, 800, 500)
(841, 472, 869, 502)
(878, 471, 902, 502)
(908, 472, 935, 502)
(943, 471, 968, 502)
(975, 459, 1004, 503)
(1007, 476, 1008, 478)
(1011, 471, 1044, 501)
(1051, 472, 1067, 500)
(1111, 472, 1127, 501)
(1135, 473, 1168, 503)
(1178, 474, 1188, 503)
(1192, 474, 1206, 504)
(1213, 473, 1247, 502)
(1284, 471, 1315, 502)
(1321, 477, 1341, 486)
(106, 543, 132, 576)
(140, 531, 151, 576)
(161, 546, 191, 594)
(197, 526, 214, 541)
(201, 546, 209, 574)
(239, 562, 250, 585)
(307, 545, 346, 574)
(358, 528, 368, 573)
(416, 543, 438, 572)
(449, 546, 462, 572)
(465, 527, 481, 569)
(521, 540, 547, 571)
(554, 522, 585, 571)
(624, 541, 649, 571)
(660, 544, 686, 573)
(695, 524, 724, 574)
(732, 544, 739, 573)
(742, 544, 757, 574)
(763, 543, 789, 572)
(799, 542, 831, 572)
(836, 523, 867, 573)
(869, 545, 892, 599)
(901, 524, 919, 539)
(905, 545, 913, 573)
(959, 544, 983, 598)
(992, 546, 1005, 573)
(1014, 541, 1038, 573)
(1046, 545, 1061, 572)
(1107, 543, 1122, 573)
(1130, 545, 1163, 575)
(1174, 544, 1183, 574)
(1186, 545, 1201, 575)
(1211, 544, 1245, 574)
(1285, 526, 1316, 575)
(1319, 550, 1339, 559)
(104, 619, 127, 671)
(136, 618, 166, 648)
(176, 619, 207, 665)
(212, 598, 230, 613)
(216, 618, 224, 647)
(267, 617, 310, 646)
(320, 601, 330, 644)
(372, 613, 395, 643)
(403, 595, 433, 645)
(440, 614, 466, 644)
(476, 614, 508, 661)
(512, 593, 530, 610)
(516, 614, 526, 642)
(578, 614, 618, 658)
(658, 616, 681, 669)
(690, 616, 723, 645)
(734, 616, 749, 645)
(751, 629, 766, 640)
(114, 677, 115, 677)
(248, 666, 298, 720)
(306, 683, 339, 716)
(346, 687, 367, 740)
(375, 662, 386, 682)
(392, 685, 416, 715)
(424, 688, 445, 716)
(455, 670, 490, 715)
(500, 686, 514, 715)
(523, 685, 556, 715)
(562, 684, 589, 716)
(633, 685, 658, 716)
(666, 686, 692, 716)
(697, 687, 721, 741)
(730, 688, 762, 718)
(770, 672, 779, 717)
(789, 688, 809, 716)
(819, 671, 828, 717)
(838, 686, 863, 717)
(871, 686, 898, 717)
(951, 686, 979, 717)
(987, 664, 1019, 716)
(1027, 685, 1042, 717)
(1048, 688, 1061, 716)
(1070, 685, 1102, 718)
(1147, 686, 1174, 717)
(1181, 686, 1213, 717)
(1222, 686, 1254, 717)
(1262, 688, 1275, 718)
(1283, 685, 1304, 716)
(1313, 685, 1341, 717)
(105, 763, 130, 794)
(136, 742, 166, 794)
(175, 762, 200, 791)
(190, 762, 199, 770)
(206, 763, 229, 816)
(235, 741, 267, 792)
(272, 762, 293, 814)
(300, 740, 318, 789)
(364, 759, 379, 788)
(388, 757, 411, 788)
(421, 755, 444, 786)
(454, 756, 479, 787)
(489, 758, 504, 787)
(511, 760, 526, 787)
(567, 758, 605, 803)
(614, 742, 623, 788)
(636, 758, 645, 787)
(649, 758, 663, 787)
(708, 760, 730, 789)
(740, 761, 753, 788)
(761, 757, 785, 788)
(793, 761, 807, 788)
(847, 759, 890, 789)
(899, 756, 924, 787)
(931, 737, 949, 787)
(988, 744, 1025, 802)
(1033, 758, 1055, 811)
(1061, 739, 1092, 788)
(1098, 759, 1141, 790)
(1150, 756, 1173, 789)
(1183, 757, 1208, 787)
(1217, 757, 1230, 786)
(1237, 760, 1252, 787)
(1279, 756, 1305, 788)
(1312, 745, 1321, 785)
(1326, 765, 1346, 773)
(108, 831, 135, 866)
(140, 848, 145, 863)
(146, 833, 162, 863)
(172, 819, 180, 863)
(190, 831, 215, 864)
(221, 830, 256, 863)
(264, 835, 277, 861)
(286, 833, 307, 861)
(317, 810, 334, 860)
(393, 817, 439, 859)
(445, 829, 467, 883)
(477, 828, 501, 857)
(511, 829, 520, 858)
(523, 829, 538, 858)
(549, 830, 580, 878)
(584, 811, 614, 859)
(617, 830, 653, 879)
(661, 832, 675, 858)
(685, 831, 724, 879)
(732, 808, 750, 859)
(774, 846, 787, 871)
(846, 831, 885, 860)
(897, 814, 907, 858)
(964, 830, 1003, 875)
(1010, 827, 1033, 857)
(1043, 830, 1050, 859)
(1052, 830, 1066, 860)
(1075, 830, 1102, 860)
(1163, 830, 1190, 860)
(1196, 809, 1226, 859)
(1231, 829, 1272, 859)
(1282, 828, 1304, 859)
(1313, 829, 1340, 859)
(107, 904, 133, 935)
(142, 903, 165, 935)
(176, 905, 207, 936)
(252, 903, 279, 934)
(289, 903, 311, 932)
(322, 888, 356, 933)
(400, 901, 409, 929)
(419, 901, 427, 929)
(438, 898, 461, 929)
(468, 901, 490, 952)
(500, 897, 525, 928)
(533, 903, 553, 930)
(564, 886, 572, 895)
(565, 905, 572, 930)
(579, 901, 602, 954)
(611, 903, 625, 929)
(667, 900, 681, 930)
(687, 901, 714, 930)
(759, 890, 795, 946)
(803, 890, 811, 929)
(820, 905, 834, 932)
(878, 901, 907, 931)
(918, 900, 941, 930)
(948, 900, 975, 931)
(984, 899, 991, 927)
(993, 901, 1008, 929)
(1015, 883, 1045, 932)
(1052, 901, 1084, 931)
(1090, 902, 1119, 933)
(1172, 900, 1197, 930)
(1206, 899, 1232, 930)
(1275, 901, 1297, 930)
(1306, 885, 1342, 930)
(109, 978, 132, 1007)
(133, 977, 149, 1007)
(160, 975, 184, 1005)
(193, 957, 211, 972)
(197, 978, 205, 1005)
(253, 976, 294, 1005)
(302, 956, 331, 1004)
(336, 995, 341, 1001)
(341, 972, 357, 1002)
(366, 974, 398, 1004)
(404, 972, 432, 1002)
(476, 971, 504, 999)
(515, 972, 539, 1001)
(548, 972, 570, 1026)
(580, 972, 612, 1001)
(619, 975, 633, 1001)
(679, 972, 705, 1001)
(746, 974, 773, 1003)
(781, 955, 810, 1003)
(818, 971, 843, 1003)
(851, 971, 872, 1002)
(882, 957, 891, 1001)
(901, 973, 924, 1002)
(932, 952, 961, 1002)
(967, 982, 973, 1001)
(974, 970, 988, 999)
(994, 953, 1024, 1002)
(1030, 952, 1047, 968)
(1034, 973, 1042, 1001)
(1067, 988, 1080, 1012)
(1123, 973, 1165, 1003)
(1174, 971, 1201, 1001)
(1242, 972, 1265, 1001)
(1275, 968, 1298, 1000)
(1309, 971, 1340, 1001)
(111, 1050, 125, 1077)
(135, 1045, 159, 1078)
(169, 1049, 194, 1079)
(203, 1046, 225, 1078)
(236, 1050, 269, 1079)
(274, 1036, 282, 1074)
(348, 1046, 375, 1075)
(384, 1046, 408, 1099)
(417, 1029, 451, 1075)
(510, 1045, 549, 1089)
(556, 1043, 592, 1088)
(602, 1043, 626, 1074)
(636, 1044, 667, 1075)
(677, 1042, 700, 1073)
(708, 1045, 729, 1098)
(737, 1044, 763, 1074)
(771, 1040, 806, 1075)
(864, 1044, 891, 1073)
(892, 1029, 908, 1069)
(969, 1042, 984, 1072)
(992, 1042, 1016, 1073)
(1023, 1024, 1051, 1073)
(1051, 1034, 1052, 1035)
(1060, 1045, 1093, 1073)
(1061, 1045, 1069, 1052)
(1104, 1029, 1114, 1073)
(1174, 1044, 1213, 1074)
(1225, 1027, 1234, 1072)
(1282, 1042, 1289, 1072)
(1292, 1042, 1307, 1072)
(1313, 1023, 1343, 1072)
(109, 1118, 136, 1149)
(144, 1139, 148, 1148)
(151, 1120, 166, 1149)
(177, 1121, 209, 1151)
(217, 1123, 229, 1150)
(239, 1134, 244, 1149)
(245, 1119, 262, 1150)
(271, 1124, 284, 1151)
(292, 1132, 300, 1144)
(714, 1394, 757, 1438)
(771, 1406, 792, 1461)
(812, 1403, 838, 1434)
(858, 1407, 894, 1451)
(908, 1386, 938, 1437)
(955, 1405, 963, 1436)
(965, 1405, 981, 1437)
(999, 1403, 1027, 1436)
(1046, 1405, 1080, 1436)
(1098, 1403, 1121, 1436)
(1139, 1406, 1161, 1461)
(1180, 1383, 1211, 1437)
(1225, 1404, 1249, 1434)
(1258, 1417, 1267, 1432)
